1 0.21505376344086022 0.8839779005524862 0.13620071684587814 0.17679558011049723
1 0.3924731182795699 0.8756906077348067 0.12544802867383512 0.18232044198895028
1 0.5860215053763441 0.8867403314917127 0.12544802867383512 0.18232044198895028
1 0.7383512544802867 0.8950276243093923 0.11469534050179211 0.143646408839779
1 0.9193548387096774 0.8812154696132597 0.08960573476702509 0.1712707182320442
2 0.2007168458781362 0.649171270718232 0.11469534050179211 0.14917127071823205
2 0.4032258064516129 0.6519337016574586 0.13978494623655913 0.13259668508287292
2 0.5609318996415771 0.6408839779005525 0.11827956989247312 0.15469613259668508
2 0.7419354838709677 0.6546961325966851 0.1003584229390681 0.1270718232044199
2 0.9050179211469535 0.6602209944751382 0.1039426523297491 0.16022099447513813
2 0.9193548387096774 0.4281767955801105 0.11827956989247312 0.1712707182320442
2 0.7311827956989247 0.425414364640884 0.12186379928315412 0.16574585635359115
2 0.5591397849462365 0.425414364640884 0.1003584229390681 0.16574585635359115
2 0.3870967741935484 0.425414364640884 0.0931899641577061 0.13259668508287292
2 0.2114695340501792 0.40331491712707185 0.08602150537634409 0.143646408839779
2 0.2168458781362007 0.19613259668508287 0.13261648745519714 0.13812154696132597
2 0.3906810035842294 0.20718232044198895 0.10752688172043011 0.13812154696132597
2 0.578853046594982 0.17955801104972377 0.1111111111111111 0.16022099447513813
2 0.7544802867383512 0.1685082872928177 0.0967741935483871 0.14917127071823205
2 0.9121863799283154 0.18232044198895028 0.0967741935483871 0.09944751381215469
